3.90000000000000
3.91102504700000
4.63000000000000
5.02000000000000
7.82000000000000
9.49000000000000
10.3200000000000
11.6500000000000
14.0100000000000
15.0700000000000
17.2600000000000
19.1900000000000
21.1200000000000
22.6100000000000
24.3800000000000
25.5100000000000
35.8200000000000
46.6100000000000
52.1400000000000
61.2800000000000
77.3000000000000
84.3300000000000
89.1100000000000
100.360000000000
106.120000000000
111.320000000000
116.820000000000
118.810000000000
119.060000000000
121.790000000000
123.770000000000
124.370000000000
127.480000000000
130.860000000000
131.910000000000
133.220000000000
134
135.570000000000
138.970000000000
146.690000000000
150.040000000000
169.760000000000
179.940000000000
184.370000000000
190.010000000000
191.680000000000
198.070000000000
211.570000000000
220.440000000000
223.660000000000
227.100000000000
235.760000000000
239.480000000000
242.900000000000
247.180000000000
250.070000000000
257.840000000000
456.300000000000