20.6655869274833
20.6700000000000
20.7900000000000
20.5900000000000
20.7700000000000
20.6800000000000
20.9300000000000
20.7200000000000
20.9800000000000
21.0850000000000
21.0400000000000
21.7500000000000
21.2300000000000
21.2600000000000
21.5100000000000
21.6550000000000
21.1200000000000
21.1600000000000
21.2900000000000
21.3100000000000
20.8900000000000
20.8800000000000
20.6800000000000
20.5800000000000
20.7600000000000
20.3759896900000
20.2600000000000
20.1800000000000
20.3087392400000
20.1200000000000
20.7500000000000
20.5522477700000
20.6695635900000
20.6700000000000
20.8848998500000
20.9233460200000
21.2376154700000
21.1782810800000
21.1893267700000
21.1148476200000
21.2153004200000
21.2200000000000
21.1717940300000
21.0637401800000
20.9541223200000
20.8601676700000
20.5600000000000
20.3600000000000
20.6681510500000
20.6740460300000
20.8227704200000
20.4708204500000
20.6986819700000
20.4421857000000
20.5873522400000
21.0013659600000
20.8430400900000
20.1272234492744