6
7
8
10
11
12
14
15
16
19
20
22
23
24
26
27
28
29
31
32
33
35
36
37
39
40
41
43
44
45
47
48
49
50
52
53
54
56
57
61
65
69
70
72
73
74
76
77
78
80
81
82
84
85
88
92
95
99
102
106
109
112
115
118
121
124
127
131
134
136
138
140
142
143
146
147
149
151
153
155
157
162
166
169
174
179
184
189
194
197
201
204
208
211
215
218
221
223
226
230
234
238
240
243
245
248
251
254
257
260
263
266
269
272
276
279
283
286
295
302
309
315
322
329
331
334
336
338
343
347
352
357
361
366
373
379
386
392
399
405
411
416
422
428
437
445
453
461
464
467
471
474
477
480
485
489
494
498
505
511
525
537
544
551
559
566
573
576
579
582
593
603
608
612
616
619
624
639
643
647
651
655
671
687
695
703
706
709
715
720
726
731
738
744
751
759
768
776
784
789
794
798