-2.41000000000000
-2.47000000000000
-2.45000000000000
-2.48000000000000
-2.34000000000000
-2.36000000000000
-2.17000000000000
-2
-1.47000000000000
-1.22000000000000
-1.48000000000000
-1.05000000000000
-1.27000000000000
-1.33000000000000
-1.21000000000000
-1.61000000000000
-1.43000000000000
-1.74000000000000
-1.37000000000000
-1.52000000000000
-1.58000000000000
-1.64000000000000
-1.41000000000000
-1.83000000000000
-1.48000000000000
-1.65000000000000
-1.69000000000000
-1.64000000000000
-1.85000000000000
-1.82000000000000
-1.79000000000000
-1.86000000000000
-1.73000000000000
-1.64000000000000
-1.92000000000000
-1.92000000000000
-1.77000000000000
-1.34000000000000
-1.60000000000000
-1.61000000000000
-1.51000000000000
-1.68000000000000
-1.75000000000000
-2.16000000000000
-2.09000000000000
-1.77000000000000
-2.15000000000000
-2.23000000000000
-2.12000000000000
-2.17000000000000
-2.29000000000000
-2.08000000000000
-2.10000000000000
-1.87000000000000
-2.20000000000000
-2.33000000000000
-2.27000000000000
-1.98000000000000
-2.26000000000000
-2.44000000000000
-2.13000000000000
-2.46000000000000
-2.40000000000000
-2.52000000000000
-2.50000000000000
-1.98000000000000
-1.88000000000000
-1.31000000000000
-1.11000000000000
-1.48000000000000
-1.22000000000000
-1.35000000000000
-1.36000000000000
-1.64000000000000
-1.47000000000000
-1.26000000000000
-1.55000000000000
-1.31000000000000
-1.32000000000000
-1.63000000000000
-1.85000000000000
-1.76000000000000
-1.66000000000000
-1.55000000000000
-1.67000000000000
-1.40000000000000
-1.76000000000000
-2.10000000000000
-2.20000000000000
-2.09000000000000
-2.30000000000000
-2.01000000000000
-2.25000000000000
-2.10000000000000
-2.10000000000000
-1.81000000000000
-1.72000000000000
-1.69000000000000
-1.66000000000000
-1.91000000000000
-2.28000000000000
-2.30000000000000
-2.06000000000000
-1.46000000000000
-1.39000000000000
-1.48000000000000
-1.37000000000000
-1.23000000000000
-1.42000000000000
-1.29000000000000
-1.25000000000000
-1.39000000000000
-1.28000000000000
-1.84000000000000
-1.56000000000000
-1.89000000000000
-1.92000000000000
-1.92000000000000
-1.74000000000000
-2.22000000000000
-2.09000000000000
-2.51000000000000
-2.23000000000000
-2.56000000000000
-2.36000000000000
-1.79000000000000
-2.25000000000000
-1.23000000000000
-1.31000000000000
-1.43000000000000
-1.43000000000000
-1.61000000000000
-1.62000000000000
-1.87000000000000
-1.87000000000000
-1.89000000000000
-1.93000000000000
-2.39000000000000
-2.54000000000000
-2.62000000000000
-2.17000000000000
-1.42000000000000
-0.930000000000000
-0.850000000000000
-1.20000000000000
-1.22000000000000
-1.34000000000000
-1.67000000000000
-1.52000000000000
-1.53000000000000
-1.65000000000000
-1.73000000000000
-2.10000000000000
-2.22000000000000
-1.95000000000000
-2.04000000000000
-1.95000000000000
-1.96000000000000
-1.79000000000000
-1.48000000000000
-1.90000000000000
-1.59000000000000
-1.69000000000000
-2.03000000000000
-2.32000000000000
-2.35000000000000
-2.44000000000000
-2.28000000000000
-1.98000000000000
-1.87000000000000
-2.06000000000000
-2.07000000000000
-2.15000000000000
-2.39000000000000
-1.99000000000000
-1.86000000000000
-1.23000000000000
-1.23000000000000
-1.54000000000000
-1.44000000000000
-1.43000000000000
-1.26000000000000
-1.58000000000000
-2.23000000000000
-2.05000000000000
-1.91000000000000
-1.91000000000000
-1.94000000000000
-1.20000000000000
-1.29000000000000
-1.64000000000000
-1.92000000000000
-1.51000000000000
-1.70000000000000
-1.51000000000000
-2.08000000000000
-1.80000000000000
-2.36000000000000
-2.41000000000000
-2.28000000000000
-1.43000000000000
-1.52000000000000